Cities:          Odometer:  Tank:   Miles:   Gal:    Mpg: 
----------------------------------------------------------------
Kennewick         97840.4    40.0     0.00    0.00   0.00
Benton_City       97861.3    37.6    20.90    2.40   8.71
Prosser           97878.2    35.9    16.90    1.70   9.94
Grandview         97886.5    35.0     8.30    0.90   9.22
Sunnyside         97894.6    34.1     8.10    0.90   9.00
Granger           97904.6    33.1    10.00    1.00  10.00
Toppenish         97913.0    32.2     8.40    0.90   9.33
Wapato            97921.7    31.3     8.70    0.90   9.67
Union_Gap         97931.6    30.4     9.90    0.90  11.00
Yakima            97935.2    30.0     3.60    0.40   9.00
Selah             97939.4    29.6     4.20    0.40  10.50
Ellensburg        97972.7    26.0    33.30    3.60   9.25
Thorp             97981.1    25.1     8.40    0.90   9.33
Rosyln            98002.8    22.6    21.70    2.50   8.68
Easton            98016.1    21.1    13.30    1.50   8.87
North_Bend        98058.1    16.9    42.00    4.20  10.00
Preston           98067.7    16.0     9.60    0.90  10.67
Issaquah          98073.6    15.4     5.90    0.60   9.83
East_Gate         98082.9    14.4     9.30    1.00   9.30
Mercer_Island     98088.5    13.7     5.60    0.70   8.00
Seattle           98095.4    13.0     6.90    0.70   9.86
----------------------------------------------------------------
Total:                              255.00   27.00   9.44
